# Created on 2014-2-3 0:30:24
# name: B
# type: matrix
# rows: 6185
# columns: 1
0.00000
0.00002
0.00019
0.00053
0.00103
0.00170
0.00254
0.00355
0.00473
0.00607
0.00758
0.00926
0.01111
0.01312
0.01529
0.01764
0.02015
0.02282
0.02566
0.02866
0.03182
0.03515
0.03864
0.04229
0.04610
0.05007
0.05420
0.05849
0.06294
0.06755
0.07231
0.07723
0.08230
0.08753
0.09291
0.09845
0.10413
0.10996
0.11595
0.12208
0.12836
0.13478
0.14135
0.14806
0.15492
0.16192
0.16905
0.17633
0.18374
0.19129
0.19897
0.20679
0.21474
0.22282
0.23103
0.23937
0.24783
0.25642
0.26513
0.27396
0.28292
0.29199
0.30118
0.31048
0.31990
0.32943
0.33906
0.34881
0.35866
0.36862
0.37868
0.38885
0.39911
0.40946
0.41992
0.43047
0.44110
0.45183
0.46265
0.47355
0.48454
0.49560
0.50675
0.51797
0.52927
0.54064
0.55208
0.56359
0.57517
0.58681
0.59852
0.61028
0.62211
0.63398
0.64592
0.65790
0.66993
0.68201
0.69413
0.70629
0.71849
0.73073
0.74301
0.75532
0.76765
0.78002
0.79241
0.80482
0.81725
0.82970
0.84217
0.85465
0.86713
0.87963
0.89213
0.90464
0.91715
0.92965
0.94215
0.95464
0.96713
0.97960
0.99206
1.00450
1.01692
1.02932
1.04169
1.05404
1.06636
1.07865
1.09090
1.10311
1.11529
1.12742
1.13951
1.15156
1.16355
1.17550
1.18738
1.19922
1.21099
1.22270
1.23435
1.24593
1.25745
1.26889
1.28026
1.29155
1.30277
1.31391
1.32496
1.33593
1.34681
1.35761
1.36831
1.37892
1.38943
1.39985
1.41016
1.42038
1.43049
1.44049
1.45039
1.46017
1.46985
1.47941
1.48885
1.49818
1.50738
1.51647
1.52543
1.53427
1.54298
1.55156
1.56002
1.56834
1.57653
1.58458
1.59250
1.60029
1.60793
1.61543
1.62279
1.63001
1.63709
1.64402
1.65081
1.65744
1.66393
1.67027
1.67646
1.68250
1.68839
1.69412
1.69970
1.70513
1.71040
1.71552
1.72048
1.72529
1.72993
1.73442
1.73876
1.74293
1.74695
1.75081
1.75451
1.75806
1.76144
1.76467
1.76774
1.77065
1.77340
1.77600
1.77844
1.78073
1.78285
1.78483
1.78664
1.78831
1.78982
1.79117
1.79238
1.79343
1.79434
1.79509
1.79570
1.79616
1.79648
1.79665
1.79668
1.79657
0.00001
0.00006
0.00016
0.00031
0.00051
0.00076
0.00106
0.00142
0.00182
0.00227
0.00277
0.00332
0.00392
0.00457
0.00527
0.00601
0.00681
0.00765
0.00854
0.00948
0.01046
0.01149
0.01257
0.01369
0.01486
0.01608
0.01734
0.01864
0.01999
0.02138
0.02281
0.02429
0.02580
0.02736
0.02896
0.03060
0.03228
0.03400
0.03576
0.03755
0.03938
0.04125
0.04315
0.04509
0.04707
0.04907
0.05111
0.05319
0.05529
0.05743
0.05960
0.06179
0.06402
0.06627
0.06855
0.07086
0.07319
0.07555
0.07793
0.08033
0.08276
0.08521
0.08768
0.09017
0.09268
0.09520
0.09775
0.10031
0.10289
0.10548
0.10809
0.11071
0.11334
0.11598
0.11864
0.12130
0.12398
0.12666
0.12935
0.13204
0.13474
0.13745
0.14016
0.14287
0.14558
0.14830
0.15102
0.15373
0.15644
0.15916
0.16186
0.16457
0.16727
0.16996
0.17265
0.17533
0.17800
0.18067
0.18332
0.18597
0.18860
0.19122
0.19383
0.19642
0.19900
0.20157
0.20412
0.20665
0.20917
0.21167
0.21415
0.21661
0.21905
0.22147
0.22386
0.22624
0.22859
0.23092
0.23323
0.23551
0.23777
0.24000
0.24220
0.24438
0.24653
0.24866
0.25075
0.25282
0.25485
0.25686
0.25883
0.26078
0.26269
0.26457
0.26642
0.26824
0.27003
0.27178
0.27349
0.27518
0.27683
0.27844
0.28002
0.28156
0.28307
0.28455
0.28598
0.28738
0.28875
0.29008
0.29137
0.29262
0.29384
0.29502
0.29616
0.29726
0.29833
0.29936
0.30035
0.30130
0.30222
0.30309
0.30393
0.30474
0.30550
0.30623
0.30692
0.30757
0.30818
0.30876
0.30930
0.30980
0.31026
0.31069
0.31108
0.31144
0.31175
0.31204
0.31228
0.31249
0.31267
0.31281
0.31291
0.31298
0.31302
0.31302
0.31299
0.00000
0.00001
0.00003
0.00006
0.00010
0.00015
0.00021
0.00027
0.00035
0.00044
0.00054
0.00064
0.00076
0.00089
0.00102
0.00117
0.00132
0.00148
0.00166
0.00184
0.00203
0.00223
0.00244
0.00266
0.00289
0.00313
0.00337
0.00363
0.00389
0.00416
0.00444
0.00473
0.00503
0.00533
0.00565
0.00597
0.00630
0.00664
0.00698
0.00734
0.00770
0.00807
0.00844
0.00883
0.00922
0.00962
0.01002
0.01043
0.01085
0.01128
0.01171
0.01215
0.01259
0.01304
0.01350
0.01396
0.01443
0.01490
0.01538
0.01587
0.01636
0.01685
0.01736
0.01786
0.01837
0.01889
0.01940
0.01993
0.02045
0.02099
0.02152
0.02206
0.02260
0.02315
0.02370
0.02425
0.02481
0.02536
0.02593
0.02649
0.02706
0.02762
0.02819
0.02877
0.02934
0.02992
0.03049
0.03107
0.03165
0.03223
0.03281
0.03340
0.03398
0.03456
0.03515
0.03573
0.03631
0.03690
0.03748
0.03806
0.03865
0.03923
0.03981
0.04039
0.04097
0.04155
0.04213
0.04270
0.04327
0.04385
0.04442
0.04498
0.04555
0.04611
0.04667
0.04723
0.04779
0.04834
0.04889
0.04944
0.04998
0.05052
0.05106
0.05160
0.05213
0.05265
0.05318
0.05370
0.05421
0.05472
0.05523
0.05573
0.05623
0.05673
0.05721
0.05770
0.05818
0.05866
0.05913
0.05959
0.06005
0.06051
0.06096
0.06141
0.06185
0.06228
0.06271
0.06314
0.06356
0.06397
0.06438
0.06478
0.06518
0.06557
0.06595
0.06633
0.06671
0.06707
0.06744
0.06779
0.06814
0.06849
0.06883
0.06916
0.06949
0.06981
0.07012
0.07043
0.07073
0.07103
0.07132
0.07161
0.07189
0.07216
0.07243
0.07269
0.07294
0.07319
0.07344
0.07368
0.07391
0.07414
0.07436
0.07457
0.07478
0.07499
0.07519
0.07538
0.07557
0.07575
0.07593
0.07610
0.07626
0.07642
0.07658
0.07673
0.07688
0.07702
0.07716
0.07729
0.07741
0.07754
0.07765
0.07777
0.07787
0.07798
0.07808
0.07817
0.07827
0.07835
0.07844
0.07852
0.07859
0.07867
0.07873
0.07880
0.07886
0.07892
0.07897
0.07903
0.07907
0.07912
0.07916
0.07920
0.07924
0.07928
0.07931
0.07934
0.07936
0.07939
0.07941
0.07943
0.07945
0.07947
0.07949
0.07950
0.07951
0.07952
0.07953
0.07954
0.07955
0.07955
0.07956
0.07956
0.07957
0.07957
0.07957
0.07957
0.07957
0.07957
0.07957
0.07957
0.00000
0.00001
0.00002
0.00003
0.00005
0.00008
0.00011
0.00015
0.00019
0.00024
0.00029
0.00035
0.00041
0.00048
0.00055
0.00063
0.00071
0.00080
0.00089
0.00099
0.00109
0.00120
0.00131
0.00143
0.00155
0.00167
0.00180
0.00194
0.00208
0.00222
0.00237
0.00252
0.00267
0.00283
0.00300
0.00316
0.00334
0.00351
0.00369
0.00387
0.00406
0.00425
0.00444
0.00463
0.00483
0.00504
0.00524
0.00545
0.00566
0.00587
0.00609
0.00630
0.00652
0.00675
0.00697
0.00720
0.00743
0.00766
0.00789
0.00812
0.00836
0.00859
0.00883
0.00907
0.00931
0.00955
0.00979
0.01004
0.01028
0.01052
0.01077
0.01101
0.01126
0.01150
0.01175
0.01199
0.01223
0.01248
0.01272
0.01296
0.01321
0.01345
0.01369
0.01393
0.01416
0.01440
0.01464
0.01487
0.01510
0.01533
0.01556
0.01579
0.01601
0.01624
0.01646
0.01668
0.01689
0.01711
0.01732
0.01753
0.01773
0.01794
0.01814
0.01833
0.01853
0.01872
0.01890
0.01909
0.01927
0.01945
0.01962
0.01979
0.01996
0.02012
0.02028
0.02043
0.02058
0.02073
0.02087
0.02101
0.02115
0.02128
0.02140
0.02152
0.02164
0.02175
0.02186
0.02197
0.02206
0.02216
0.02225
0.02233
0.02241
0.02249
0.02256
0.02263
0.02269
0.02274
0.02280
0.02284
0.02289
0.02292
0.02295
0.02298
0.02301
0.02302
0.02304
0.02304
0.02305
0.02305
0.00000
0.00000
0.00000
0.00000
0.00000
0.00000
0.00001
0.00001
0.00001
0.00001
0.00001
0.00002
0.00002
0.00002
0.00003
0.00003
0.00003
0.00004
0.00004
0.00005
0.00005
0.00006
0.00006
0.00007
0.00007
0.00008
0.00008
0.00009
0.00010
0.00010
0.00011
0.00012
0.00013
0.00013
0.00014
0.00015
0.00016
0.00017
0.00018
0.00018
0.00019
0.00020
0.00021
0.00022
0.00023
0.00024
0.00025
0.00026
0.00028
0.00029
0.00030
0.00031
0.00032
0.00033
0.00034
0.00036
0.00037
0.00038
0.00039
0.00041
0.00042
0.00043
0.00045
0.00046
0.00047
0.00049
0.00050
0.00052
0.00053
0.00054
0.00056
0.00057
0.00059
0.00060
0.00062
0.00063
0.00065
0.00066
0.00068
0.00070
0.00071
0.00073
0.00074
0.00076
0.00078
0.00079
0.00081
0.00082
0.00084
0.00086
0.00088
0.00089
0.00091
0.00093
0.00094
0.00096
0.00098
0.00100
0.00101
0.00103
0.00105
0.00107
0.00108
0.00110
0.00112
0.00114
0.00116
0.00117
0.00119
0.00121
0.00123
0.00125
0.00127
0.00128
0.00130
0.00132
0.00134
0.00136
0.00138
0.00139
0.00141
0.00143
0.00145
0.00147
0.00149
0.00151
0.00152
0.00154
0.00156
0.00158
0.00160
0.00162
0.00164
0.00165
0.00167
0.00169
0.00171
0.00173
0.00175
0.00177
0.00178
0.00180
0.00182
0.00184
0.00186
0.00188
0.00190
0.00191
0.00193
0.00195
0.00197
0.00199
0.00201
0.00202
0.00204
0.00206
0.00208
0.00210
0.00211
0.00213
0.00215
0.00217
0.00219
0.00220
0.00222
0.00224
0.00226
0.00227
